# omega_b,        omega_cdm,      H0,             A_s,            n_s,            tau_reio,       A_ps_100,       A_ps_143,       A_ps_217,       A_cib_143,      A_cib_217,      A_sz,           r_ps,           r_cib,          n_Dl_cib,       cal_100,        cal_217,        xi_sz_cib,      A_ksz,          Bm_1_1,         z_reio,         Omega_Lambda,   YHe,            ln10^{10}A_s    
 8.00782e-08	-3.94858e-07	 2.31924e-04	 2.86888e-15	 1.17652e-06	 1.05246e-06	-8.09809e-04	-8.02699e-04	-5.01270e-04	-6.99133e-05	-7.21251e-05	-3.88910e-06	 1.42182e-06	 7.57761e-07	 8.05634e-07	 5.39775e-09	-2.08990e-08	 4.77802e-06	-5.57469e-05	-1.27474e-05	 5.70875e-05	 2.83094e-06	 3.44632e-08	 1.30531e-06	
-3.94858e-07	 6.77354e-06	-2.96387e-03	-2.92386e-15	-1.52856e-05	-8.87503e-06	 3.32494e-03	 3.67188e-03	 1.98980e-03	-4.27919e-04	 9.15948e-04	 2.85843e-04	-9.60266e-06	 8.84522e-07	 2.37666e-05	-5.21316e-08	 2.51158e-07	-7.42545e-05	-2.17042e-04	 1.40632e-04	-4.86949e-04	-4.15373e-05	-1.69777e-07	-1.31234e-06	
 2.31924e-04	-2.96387e-03	 1.39313e+00	 4.14434e-12	 7.11224e-03	 4.40146e-03	-1.68488e+00	-2.13641e+00	-1.19544e+00	 9.64910e-02	-4.31431e-01	-1.18948e-01	 5.53982e-03	 8.71911e-04	-8.84459e-03	 2.68419e-05	-1.05390e-04	 3.30339e-02	 2.60206e-02	-6.17245e-02	 2.39405e-01	 1.89159e-02	 9.97438e-05	 1.87854e-03	
 2.86888e-15	-2.92386e-15	 4.14434e-12	 3.05413e-21	 5.63447e-14	 6.88333e-13	-3.64920e-10	 1.08597e-12	 5.86175e-11	-4.02882e-11	-4.05784e-11	 9.57140e-13	-3.15226e-14	-7.53784e-13	 3.43827e-13	 2.39398e-16	-7.80930e-18	-1.75913e-13	-9.61786e-12	-2.79275e-13	 5.92656e-11	 3.74079e-14	 1.23634e-15	 1.38928e-12	
 1.17652e-06	-1.52856e-05	 7.11224e-03	 5.63447e-14	 5.55574e-05	 3.17370e-05	-4.73100e-02	-1.27084e-02	 1.34136e-02	-3.59307e-03	-1.18077e-02	-8.94762e-04	 6.12689e-05	-2.68045e-04	-5.02511e-05	 1.66665e-07	-5.66672e-07	 1.98316e-04	-3.25700e-03	-2.00426e-04	 2.03659e-03	 9.68832e-05	 5.05914e-07	 2.56168e-05	
 1.05246e-06	-8.87503e-06	 4.40146e-03	 6.88333e-13	 3.17370e-05	 1.67381e-04	-8.79361e-02	-5.68595e-03	 4.97527e-03	-7.27820e-03	-7.86532e-03	 3.58849e-04	-1.05205e-05	-8.23862e-05	 3.37430e-05	 7.00418e-08	-6.19691e-07	 3.32664e-05	-1.16367e-03	-5.77538e-04	 1.41083e-02	 5.78094e-05	 4.53130e-07	 3.13156e-04	
-8.09809e-04	 3.32494e-03	-1.68488e+00	-3.64920e-10	-4.73100e-02	-8.79361e-02	 3.36571e+03	 1.28810e+02	-1.29632e+02	 5.42017e+01	 8.99619e+01	-6.58278e+01	-8.53142e-01	-3.76782e-01	 5.33496e-01	 2.31604e-04	 1.53892e-03	-1.65631e-04	-1.41946e+01	 1.71125e+01	-7.26043e+00	-2.02180e-02	-3.48016e-04	-1.65446e-01	
-8.02699e-04	 3.67188e-03	-2.13641e+00	 1.08597e-12	-1.27084e-02	-5.68595e-03	 1.28810e+02	 1.67326e+02	 3.42527e+01	-3.02030e+01	-1.18369e+00	-1.11106e+01	-1.80738e-01	-1.30462e-01	 1.89663e-02	-4.37718e-05	 1.44661e-03	 9.02551e-01	-1.12812e+01	-3.85082e-02	-1.62551e-01	-2.59235e-02	-3.45923e-04	 3.77024e-04	
-5.01270e-04	 1.98980e-03	-1.19544e+00	 5.86175e-11	 1.34136e-02	 4.97527e-03	-1.29632e+02	 3.42527e+01	 3.00125e+02	-1.91243e+01	-1.23049e+02	 1.49987e-01	-1.06266e-01	-1.80034e+00	-1.04559e+00	-2.11141e-04	-1.27800e-03	 7.21739e-01	-1.06504e+01	 1.04333e+00	 6.35773e-01	-1.43423e-02	-2.15503e-04	 2.66838e-02	
-6.99133e-05	-4.27919e-04	 9.64910e-02	-4.02882e-11	-3.59307e-03	-7.27820e-03	 5.42017e+01	-3.02030e+01	-1.91243e+01	 2.58247e+01	 1.20117e+01	-1.09273e+00	 3.47176e-03	 1.29984e-01	 6.49963e-02	-3.71259e-05	-3.94090e-04	 2.24661e-01	-8.32847e-01	-2.39764e-01	-6.25510e-01	 1.94404e-03	-2.99841e-05	-1.83109e-02	
-7.21251e-05	 9.15948e-04	-4.31431e-01	-4.05784e-11	-1.18077e-02	-7.86532e-03	 8.99619e+01	-1.18369e+00	-1.23049e+02	 1.20117e+01	 6.25544e+01	 3.49897e-01	 8.28476e-02	 8.30915e-01	 6.36367e-01	-4.57699e-06	 7.97766e-04	-3.95039e-01	-1.44296e+00	-2.34430e-01	-6.47262e-01	-5.78494e-03	-3.11163e-05	-1.85237e-02	
-3.88910e-06	 2.85843e-04	-1.18948e-01	 9.57140e-13	-8.94762e-04	 3.58849e-04	-6.58278e+01	-1.11106e+01	 1.49987e-01	-1.09273e+00	 3.49897e-01	 7.43273e+00	 5.74840e-02	 2.40398e-01	 1.66957e-03	-5.07536e-05	-2.75687e-04	-1.04655e-01	-4.24400e-02	 1.72704e-01	 3.68874e-02	-1.69558e-03	-1.69615e-06	 4.21547e-04	
 1.42182e-06	-9.60266e-06	 5.53982e-03	-3.15226e-14	 6.12689e-05	-1.05205e-05	-8.53142e-01	-1.80738e-01	-1.06266e-01	 3.47176e-03	 8.28476e-02	 5.74840e-02	 6.61384e-03	-5.46556e-03	 5.42452e-03	 1.82959e-06	-7.09951e-06	 3.72489e-03	-2.97316e-03	 3.64852e-03	-1.64057e-03	 7.00897e-05	 6.08684e-07	-1.40397e-05	
 7.57761e-07	 8.84522e-07	 8.71911e-04	-7.53784e-13	-2.68045e-04	-8.23862e-05	-3.76782e-01	-1.30462e-01	-1.80034e+00	 1.29984e-01	 8.30915e-01	 2.40398e-01	-5.46556e-03	 4.87519e-02	-3.83496e-03	 6.46822e-07	 2.77442e-05	-1.75570e-03	-2.25716e-02	-1.47717e-02	-7.48555e-03	 7.87984e-07	 3.25384e-07	-3.46875e-04	
 8.05634e-07	 2.37666e-05	-8.84459e-03	 3.43827e-13	-5.02511e-05	 3.37430e-05	 5.33496e-01	 1.89663e-02	-1.04559e+00	 6.49963e-02	 6.36367e-01	 1.66957e-03	 5.42452e-03	-3.83496e-03	 1.75988e-02	-7.07014e-07	-7.34321e-06	-3.52461e-03	-2.11696e-02	 9.35601e-03	 3.14268e-03	-1.36587e-04	 3.41717e-07	 1.55125e-04	
 5.39775e-09	-5.21316e-08	 2.68419e-05	 2.39398e-16	 1.66665e-07	 7.00418e-08	 2.31604e-04	-4.37718e-05	-2.11141e-04	-3.71259e-05	-4.57699e-06	-5.07536e-05	 1.82959e-06	 6.46822e-07	-7.07014e-07	 1.55030e-07	 1.21569e-08	 9.94876e-06	 7.75526e-05	-1.31478e-05	 3.71788e-06	 3.37342e-07	 2.31109e-09	 1.08330e-07	
-2.08990e-08	 2.51158e-07	-1.05390e-04	-7.80930e-18	-5.66672e-07	-6.19691e-07	 1.53892e-03	 1.44661e-03	-1.27800e-03	-3.94090e-04	 7.97766e-04	-2.75687e-04	-7.09951e-06	 2.77442e-05	-7.34321e-06	 1.21569e-08	 1.69567e-06	 5.33360e-08	-2.35143e-05	 8.71132e-05	-4.08871e-05	-1.47970e-06	-8.93170e-09	 1.87460e-08	
 4.77802e-06	-7.42545e-05	 3.30339e-02	-1.75913e-13	 1.98316e-04	 3.32664e-05	-1.65631e-04	 9.02551e-01	 7.21739e-01	 2.24661e-01	-3.95039e-01	-1.04655e-01	 3.72489e-03	-1.75570e-03	-3.52461e-03	 9.94876e-06	 5.33360e-08	 8.20822e-02	 4.11661e-02	-8.73896e-03	-6.06085e-04	 4.49356e-04	 2.04532e-06	-7.90494e-05	
-5.57469e-05	-2.17042e-04	 2.60206e-02	-9.61786e-12	-3.25700e-03	-1.16367e-03	-1.41946e+01	-1.12812e+01	-1.06504e+01	-8.32847e-01	-1.44296e+00	-4.24400e-02	-2.97316e-03	-2.25716e-02	-2.11696e-02	 7.75526e-05	-2.35143e-05	 4.11661e-02	 8.00151e+00	-8.41416e-02	-8.93984e-02	 8.54822e-04	-2.40233e-05	-4.36699e-03	
-1.27474e-05	 1.40632e-04	-6.17245e-02	-2.79275e-13	-2.00426e-04	-5.77538e-04	 1.71125e+01	-3.85082e-02	 1.04333e+00	-2.39764e-01	-2.34430e-01	 1.72704e-01	 3.64852e-03	-1.47717e-02	 9.35601e-03	-1.31478e-05	 8.71132e-05	-8.73896e-03	-8.41416e-02	 3.19841e-01	-4.25036e-02	-8.42210e-04	-5.47623e-06	-1.19184e-04	
 5.70875e-05	-4.86949e-04	 2.39405e-01	 5.92656e-11	 2.03659e-03	 1.41083e-02	-7.26043e+00	-1.62551e-01	 6.35773e-01	-6.25510e-01	-6.47262e-01	 3.68874e-02	-1.64057e-03	-7.48555e-03	 3.14268e-03	 3.71788e-06	-4.08871e-05	-6.06085e-04	-8.93984e-02	-4.25036e-02	 1.20777e+00	 3.15546e-03	 2.45938e-05	 2.69802e-02	
 2.83094e-06	-4.15373e-05	 1.89159e-02	 3.74079e-14	 9.68832e-05	 5.78094e-05	-2.02180e-02	-2.59235e-02	-1.43423e-02	 1.94404e-03	-5.78494e-03	-1.69558e-03	 7.00897e-05	 7.87984e-07	-1.36587e-04	 3.37342e-07	-1.47970e-06	 4.49356e-04	 8.54822e-04	-8.42210e-04	 3.15546e-03	 2.60937e-04	 1.21759e-06	 1.69249e-05	
 3.44632e-08	-1.69777e-07	 9.97438e-05	 1.23634e-15	 5.05914e-07	 4.53130e-07	-3.48016e-04	-3.45923e-04	-2.15503e-04	-2.99841e-05	-3.11163e-05	-1.69615e-06	 6.08684e-07	 3.25384e-07	 3.41717e-07	 2.31109e-09	-8.93170e-09	 2.04532e-06	-2.40233e-05	-5.47623e-06	 2.45938e-05	 1.21759e-06	 1.48328e-08	 5.62526e-07	
 1.30531e-06	-1.31234e-06	 1.87854e-03	 1.38928e-12	 2.56168e-05	 3.13156e-04	-1.65446e-01	 3.77024e-04	 2.66838e-02	-1.83109e-02	-1.85237e-02	 4.21547e-04	-1.40397e-05	-3.46875e-04	 1.55125e-04	 1.08330e-07	 1.87460e-08	-7.90494e-05	-4.36699e-03	-1.19184e-04	 2.69802e-02	 1.69249e-05	 5.62526e-07	 6.32160e-04	
